18
5 50 30 80 20 10 40 70 55 35 20 38 65 41 90 35 42 100


30
5
15
60
20
18
10
50
40
70
45
18
46
42
60



8
13
1 2 5
1 3 4
2 5 2
2 6 1
3 6 3
5 6 7
5 8 9
6 8 3
4 1 6
6 4 8
7 4 5
6 7 2
8 7 4


5
1 5 33 3 35
21 53 19 70 94
27 44 10 69 56
4 16 81 68 76
82 95 21 42 95


4 5
1 2
1 3
1 4
2 3
3 4




8 13
A B 5
A D 3
A E 4
B D 3
B H 2
C D 3
C G 4
D E 3
D F 3
D H 5
E F 2
F G 6
G H 3



7 9
0 1 28
0 5 10
1 2 16
1 6 8
2 3 12
3 4 19
3 6 18
4 5 20
4 6 11




6
1 0 0 0 0 0
0 -1 -1 0 -1 0
0 -1 0 0 0 -1
0 0 0 -1 0 0
-1 0 -1 -1 -1 -1
-1 0 0 0 0 0